Key;IG;CLS;TP;none;Sommedes3;rangig;rangcls;rangtp;addition_range;topcroissant;topdecroissant
acc_y_mean;0,790630334;0,131813619;0,017688915;;0,313377623;1;26;14;41;9;55
acc_z_mean;0,731280581;0,193357243;0,009121014;;0,311252946;2;19;18;39;7;56
acc_y_std;0,645986304;0,346018367;0,008705093;;0,333569921;3;7;19;29;4;59
acc_y_sma;0,640417932;0,360121429;0,002499897;;0,334346419;4;3;37;44;14;51
acc_y_aad;0,640386028;0,360121434;0,246008125;;0,415505196;5;2;1;8;1;60
acc_z_std;0,586788224;0,208272644;0,006176837;;0,267079235;6;15;21;42;11;51
acc_z_aad;0,585518267;0,215066991;0,020816178;;0,273800479;7;14;12;33;5;56
acc_z_sma;0,58540021;0,215067025;0,10424618;;0,301571138;8;13;2;23;3;56
nb_step;0,564983868;0,433710372;0,087030177;;0,361908139;9;1;3;13;2;56
acc_arc;0,556914658;0,314566706;0,010514307;;0,293998557;10;8;17;35;6;55
acc_x_mean;0,450475631;0,178496651;0,022058001;;0,217010094;11;20;11;42;11;51
baro_std;0,397407658;0,004172518;0,000451728;;0,134010635;12;60;60;132;48;17
acc_x_std;0,383888446;0,348669939;0,005903778;;0,246154054;13;6;22;41;9;51
acc_x_aad;0,374762018;0,354064931;0,005694127;;0,244840359;14;5;23;42;11;50
acc_x_sma;0,374264529;0,354064954;0,000127148;;0,242818877;15;4;62;81;22;41
baro_sma;0,374205908;0,003936188;0,067332242;;0,148491446;16;61;4;81;22;41
baro_aad;0,373540316;0,003936186;0,000917222;;0,126131242;17;62;57;136;52;13
mag_y_mean;0,310984862;0,037105435;0,026773626;;0,124954641;18;51;10;79;19;41
mag_x_mean;0,308312571;0,109820801;0,019473484;;0,145868952;19;29;13;61;17;43
mag_z_mean;0,301055904;0,255588491;0,029583049;;0,195409148;20;11;8;39;7;45
mag_y_std;0,276815148;0,129879688;0,050714263;;0,1524697;21;27;6;54;16;43
mag_x_std;0,274360809;0,195632852;0,002230835;;0,157408165;22;18;40;80;21;40
mag_x_sma;0,270818338;0,199202865;0,001420186;;0,15714713;23;16;52;91;27;36
mag_x_aad;0,270495713;0,199202758;0,049320971;;0,173006481;24;17;7;48;15;41
mag_y_sma;0,268265831;0,136767493;0,001238248;;0,135423857;25;25;55;105;32;31
mag_y_aad;0,267669936;0,136767525;0,003486672;;0,135974711;26;24;33;83;24;36
mag_z_std;0,24052438;0,038037238;0,001387749;;0,093316456;27;50;54;131;47;16
mag_z_aad;0,234892239;0,042555279;1,81E-05;;0,092488529;28;47;64;139;53;12
mag_z_sma;0,234525977;0,042555317;0,001734935;;0,092938743;29;46;45;120;39;21
mag_x_arc;0,214548197;0,065689791;0,000525691;;0,093587893;30;37;58;125;43;18
gyr_x_mean;0,171443864;0,126842882;0,005423665;;0,101236803;31;28;24;83;24;32
gyr_y_mean;0,167388324;0,141556209;0,005341264;;0,104761932;32;22;25;79;19;32
gyr_y_std;0,151906743;0,140546116;0,001925092;;0,098125984;33;23;42;98;29;29
acc_y_skew;0,146648981;0,027686155;0,06175353;;0,078696222;34;54;5;93;28;29
gyr_y_sma;0,14237577;0,077590898;0,000455101;;0,073473923;35;34;59;128;46;15
gyr_y_aad;0,140978015;0,077591132;0,001402959;;0,073324035;36;33;53;122;41;18
gyr_x_std;0,138382297;0,05091084;0,001691714;;0,063661617;37;43;46;126;44;15
gyr_arc;0,123361848;0,234502461;0,014149656;;0,124004655;38;12;15;65;18;27
acc_z_skew;0,112875837;0,057228604;0,00434795;;0,058150797;39;41;28;108;33;23
gyr_x_sma;0,110421047;0,014116208;0,004079375;;0,04287221;40;56;30;126;44;15
gyr_x_aad;0,110126211;0,014115933;0,001793316;;0,04201182;41;57;44;142;55;10
acc_y_kurt;0,107834893;0,099625159;0,012784128;;0,073414726;42;32;16;90;26;23
gyr_z_aad;0,104809037;0,290805589;0,001660827;;0,132425151;43;9;48;100;30;22
gyr_z_sma;0,104712808;0,290805215;0,000235242;;0,131917755;44;10;61;115;37;16
acc_z_kurt;0,091538101;0,044071381;0,007390159;;0,047666547;45;45;20;110;34;19
gyr_z_skew;0,087901085;0,064379828;0,001586546;;0,051289153;46;38;50;134;49;11
gyr_z_mean;0,087369179;0,007188858;0,002461479;;0,032339839;47;59;39;145;56;9
gyr_z_kurt;0,080610386;0,17203866;0,003621687;;0,085423578;48;21;32;101;31;17
gyr_z_std;0,071581747;0,106984481;0,002545514;;0,060370581;49;30;36;115;37;14
baro_kurt;0,069771629;0,032258275;0,026780236;;0,042936713;50;52;9;111;35;15
gyr_y_kurt;0,064086137;0,058821462;0,001891903;;0,041599834;51;40;43;134;49;10
acc_x_kurt;0,061755845;0,061516308;0,001086448;;0,041452867;52;39;56;147;58;7
acc_x_skew;0,060737692;0,001560752;0,003176894;;0,021825112;53;64;34;151;59;6
gyr_x_skew;0,059233114;0,103185468;0,004102675;;0,055507086;54;31;29;114;36;11
gyr_y_skew;0,055582402;0,042481533;0,003706044;;0,033923326;55;48;31;134;49;8
gyr_x_kurt;0,054863855;0,051852693;0,005097677;;0,037271408;56;42;26;124;42;8
baro_skew;0,050088014;0,067612284;0,004371484;;0,040690594;57;36;27;120;39;8
mag_y_kurt;0,041379257;0,069909123;0,001680766;;0,037656382;58;35;47;140;54;7
mag_x_kurt;0,041330584;0,038658623;0,002480326;;0,027489845;59;49;38;146;57;6
mag_z_kurt;0,032348676;0,03198776;0,001609733;;0,021982056;60;53;49;162;62;2
mag_x_skew;0,019987672;0,048628773;0,00152657;;0,023381005;61;44;51;156;61;3
mag_z_skew;0,016600995;0,017841095;0,002573948;;0,012338679;62;55;35;152;60;3
mag_y_skew;0,012290787;0,009981195;0,001958502;;0,008076828;63;58;41;162;62;2
baro_mean;0,006096108;0,003796436;0,000108842;;0,003333795;64;63;63;190;64;1
